00000000000000000000000000111100 //15¡Ÿ +1 « ø‰
00000000000000000000000000010000

addiu	001001	00000 00010 00000 10000 000000
addu	000000	00010 00010 00011 00000 100001
or		000000	00011 00010 0010000000100101
sll		000000	00000 00101 0011010000000000
addiu	001001	00110 00111 0010011100001111
subu	000000	00111 00010 01000 00000 100011
nor		000000	00100 00011 0100100000100111
ori		001101	00010 01010 0000000011111111
srl		000000	00000 00110 0101100101000010 
lui(la)	001111	00000 00100 0001000000000000
ori !	001101	00100 00100 0000000000001100 
and		000000	01011 00101 0110100000100100
andi	001100	00100 01110 0000000001100100
lui		001111	00000 10001 0000000001100100
addiu	001001	00000 00010 0000000000001010

.data value OK
000000 00000000000000000000000011
000000 00000000000000000001111011
000000 00000000000001000011111010
000100 01000100010001000100010001
