00000000000000000000000001000000 (64)
00000000000000000000000000000000 (0)

addu	000000 00100001010001000000100001
addu	000000 00110001110001000000100001
subu	000000 00011000100100100000100011
and		000000 01011000000101100000100100
addiu	001001 01010010100000000000000001
or		000000 00110000000011000000100101
jal		000011 00000100000000000000000111
sll		000000 00000001100011100010000000
srl		000000 00000001000010100010000010
sltiu	001011 01010 01001 0000000001100100
beq		000100 01001000000000000000000001
jr		000000 11111 00000 00000 00000 001000
sltu	000000 00010 00011 00100 00000 101011
bne		000101 00100000000000000000000001
j		000010 00000100000000000000000011
ori		001101 10000100001111000011110000