00000000000000000000000000111100 (60)
00000000000000000000000000010000 (16) ok

lui		001111 00000000110001000000000000
lw		100011 00011 00101 0000000000000000 // rs´Â ÀüºÎ 3(00011)
lw		100011 00011 01000 0000000000000100 4
lw		100011 00011 01001 0000000000001000 8
lw		100011 00011 01010 0000000000001100 12
addiu	001001 00101001010000000000011000
addiu	001001 00000001100000000001111100
addu	000000 00101001100011100000100001
sw		101011 00011 00101 0000000000010000 16
sw		101011 00011 00110 0000000000010100
sw		101011 00011 00111 0000000000011000
addiu	001001 00011000110000000000001100
lw		100011 00011 01100 1111111111111100
lw		100011 00011 01101 1111111111111000
lw		100011 00011 01110 1111111111110100

00000000000000000000000001100100 ok
00000000000000000000000011001000
00010010001101000101011001111000
00000000000000010010001101000001